00071027
13
GTV
1,1.000000,0,1,19700101.080000,0
abdomen
1,5,-1,1,0,0
 
 
0,0
0
0,0,0
CTV
2,1.000000,0,1,19700101.080000,0
abdomen
2,5,-1,1,0,0
 
 
0,0
0
0,0,0
PTV
3,1.000000,0,1,19700101.080000,0
abdomen
3,5,-1,1,0,0
 
 
0,0
0
0,0,0
Liver
4,1.000000,0,1,19700101.080000,0
abdomen
4,5,-1,1,0,0
 
 
0,0
0
0,0,0
Stomach
5,1.000000,0,1,19700101.080000,0
abdomen
5,5,-1,1,0,0
 
 
0,0
0
0,0,0
KidneyL
6,1.000000,0,1,19700101.080000,0
abdomen
6,5,-1,1,0,0
 
 
0,0
0
0,0,0
KindeyR
7,1.000000,0,1,19700101.080000,0
abdomen
7,5,-1,1,0,0
 
 
0,0
0
0,0,0
Duodenum
8,1.000000,0,1,19700101.080000,0
abdomen
8,5,-1,1,0,0
 
 
0,0
0
0,0,0
Intestine
9,1.000000,0,1,19700101.080000,0
abdomen
9,5,-1,1,0,0
 
 
0,0
0
0,0,0
Colon
10,1.000000,0,1,19700101.080000,0
abdomen
10,5,-1,1,0,0
 
 
0,0
0
0,0,0
Pancreas
11,1.000000,0,1,19700101.080000,0
abdomen
11,5,-1,1,0,0
 
 
0,0
0
0,0,0
Spleen
12,1.000000,0,1,19700101.080000,0
abdomen
12,5,-1,1,0,0
 
 
0,0
0
0,0,0
Cord
13,1.000000,0,1,19700101.080000,0
abdomen
13,5,-1,1,0,0
 
 
0,0
0
0,0,0
