00071027
25
GTV
1,1.000000,0,1,19700101.080000,0
Headneck
1,5,-1,1,0,0
 
 
0,0
0
0,0,0
CTV
2,1.000000,0,1,19700101.080000,0
Headneck
2,5,-1,1,0,0
 
 
0,0
0
0,0,0
PTV
3,1.000000,0,1,19700101.080000,0
Headneck
3,5,-1,1,0,0
 
 
0,0
0
0,0,0
EyeL
4,1.000000,0,1,19700101.080000,0
Headneck
4,5,-1,1,0,0
 
 
0,0
0
0,0,0
EyeR
5,1.000000,0,1,19700101.080000,0
Headneck
5,5,-1,1,0,0
 
 
0,0
0
0,0,0
LensL
6,1.000000,0,1,19700101.080000,0
Headneck
6,5,-1,1,0,0
 
 
0,0
0
0,0,0
LensR
7,1.000000,0,1,19700101.080000,0
Headneck
7,5,-1,1,0,0
 
 
0,0
0
0,0,0
OpticL
8,1.000000,0,1,19700101.080000,0
Headneck
8,5,-1,1,0,0
 
 
0,0
0
0,0,0
OpticR
9,1.000000,0,1,19700101.080000,0
Headneck
9,5,-1,1,0,0
 
 
0,0
0
0,0,0
Optic chainsm
10,1.000000,0,1,19700101.080000,0
Headneck
10,5,-1,1,0,0
 
 
0,0
0
0,0,0
ParotidL
11,1.000000,0,1,19700101.080000,0
Headneck
11,5,-1,1,0,0
 
 
0,0
0
0,0,0
ParotidR
12,1.000000,0,1,19700101.080000,0
Headneck
12,5,-1,1,0,0
 
 
0,0
0
0,0,0
Brainstem
13,1.000000,0,1,19700101.080000,0
Headneck
13,5,-1,1,0,0
 
 
0,0
0
0,0,0
pitutary
14,1.000000,0,1,19700101.080000,0
Headneck
14,5,-1,1,0,0
 
 
0,0
0
0,0,0
Mandible
15,1.000000,0,1,19700101.080000,0
Headneck
15,5,-1,1,0,0
 
 
0,0
0
0,0,0
JointL
16,1.000000,0,1,19700101.080000,0
Headneck
16,5,-1,1,0,0
 
 
0,0
0
0,0,0
JointR
17,1.000000,0,1,19700101.080000,0
Headneck
17,5,-1,1,0,0
 
 
0,0
0
0,0,0
Larynx
18,1.000000,0,1,19700101.080000,0
Headneck
18,5,-1,1,0,0
 
 
0,0
0
0,0,0
Thyroid
19,1.000000,0,1,19700101.080000,0
Headneck
19,5,-1,1,0,0
 
 
0,0
0
0,0,0
temproal lobeL
20,1.000000,0,1,19700101.080000,0
Headneck
20,5,-1,1,0,0
 
 
0,0
0
0,0,0
temproal lobeR
21,1.000000,0,1,19700101.080000,0
Headneck
1,5,-1,1,0,0
 
 
0,0
0
0,0,0
Cord
22,1.000000,0,1,19700101.080000,0
Headneck
2,5,-1,1,0,0
 
 
0,0
0
0,0,0
Esophagus
23,1.000000,0,1,19700101.080000,0
Headneck
3,5,-1,1,0,0
 
 
0,0
0
0,0,0
Trachea
24,1.000000,0,1,19700101.080000,0
Headneck
4,5,-1,1,0,0
 
 
0,0
0
0,0,0
OR brach plexu
25,1.000000,0,1,19700101.080000,0
Headneck
5,5,-1,1,0,0
 
 
0,0
0
0,0,0
