00071027
11
GTV
1,1.000000,0,1,19700101.080000,0
pelvic
1,5,-1,1,0,0
 
 
0,0
0
0,0,0
CTV
2,1.000000,0,1,19700101.080000,0
pelvic
2,5,-1,1,0,0
 
 
0,0
0
0,0,0
PTV
3,1.000000,0,1,19700101.080000,0
pelvic
3,5,-1,1,0,0
 
 
0,0
0
0,0,0
Bladder
4,1.000000,0,1,19700101.080000,0
pelvic
4,5,-1,1,0,0
 
 
0,0
0
0,0,0
Rectum
5,1.000000,0,1,19700101.080000,0
pelvic
5,5,-1,1,0,0
 
 
0,0
0
0,0,0
FemurL
6,1.000000,0,1,19700101.080000,0
pelvic
6,5,-1,1,0,0
 
 
0,0
0
0,0,0
FemurR
7,1.000000,0,1,19700101.080000,0
pelvic
7,5,-1,1,0,0
 
 
0,0
0
0,0,0
Colon
8,1.000000,0,1,19700101.080000,0
pelvic
8,5,-1,1,0,0
 
 
0,0
0
0,0,0
Intestine
9,1.000000,0,1,19700101.080000,0
pelvic
9,5,-1,1,0,0
 
 
0,0
0
0,0,0
Testicle
10,1.000000,0,1,19700101.080000,0
pelvic
10,5,-1,1,0,0
 
 
0,0
0
0,0,0
penile bulb
11,1.000000,0,1,19700101.080000,0
pelvic
11,5,-1,1,0,0
 
 
0,0
0
0,0,0
